 -6.59880996E+002
 -6.60293393E+002
 -6.59488343E+002
 -6.58999969E+002
 -6.58326576E+002
 -6.57575361E+002
 -6.56638711E+002
 -6.55726768E+002
 -6.54825970E+002
 -6.54147198E+002
 -6.59880996E+002
 -6.60293393E+002
 -6.59488343E+002
 -6.58999969E+002
 -6.58326576E+002
 -6.57575361E+002
 -6.56638711E+002
 -6.55726768E+002
 -6.54825970E+002
 -6.54147198E+002
 -6.59880996E+002
 -6.60293393E+002
 -6.59488343E+002
 -6.58999969E+002
 -6.58326576E+002
 -6.57575361E+002
 -6.56638711E+002
 -6.55726768E+002
 -6.54825970E+002
 -6.54147198E+002
 -6.59880996E+002
 -6.60293393E+002
 -6.59488343E+002
 -6.58999969E+002
 -6.58326576E+002
 -6.57575361E+002
 -6.56638711E+002
 -6.55726768E+002
 -6.54825970E+002
 -6.54147198E+002
 -6.59880996E+002
 -6.60293393E+002
 -6.59488343E+002
 -6.58999969E+002
 -6.58326576E+002
 -6.57575361E+002
 -6.56638711E+002
 -6.55726768E+002
 -6.54825970E+002
 -6.54147198E+002
 -6.59880996E+002
 -6.60293393E+002
 -6.59488343E+002
 -6.58999969E+002
 -6.58326576E+002
 -6.57575361E+002
 -6.56638711E+002
 -6.55726768E+002
 -6.54825970E+002
 -6.54147198E+002
 -6.59880996E+002
 -6.60293393E+002
 -6.59488343E+002
 -6.58999969E+002
 -6.58326576E+002
 -6.57575361E+002
 -6.56638711E+002
 -6.55726768E+002
 -6.54825970E+002
 -6.54147198E+002
 -6.59880996E+002
 -6.60293393E+002
 -6.59488343E+002
 -6.58999969E+002
 -6.58326576E+002
 -6.57575361E+002
 -6.56638711E+002
 -6.55726768E+002
 -6.54825970E+002
 -6.54147198E+002
 -6.59880996E+002
 -6.60293393E+002
 -6.59488343E+002
 -6.58999969E+002
 -6.58326576E+002
 -6.57575361E+002
 -6.56638711E+002
 -6.55726768E+002
 -6.54825970E+002
 -6.54147198E+002
 -6.59880996E+002
 -6.60293393E+002
 -6.59488343E+002
 -6.58999969E+002
 -6.58326576E+002
 -6.57575361E+002
 -6.56638711E+002
 -6.55726768E+002
 -6.54825970E+002
 -6.54147198E+002
